
Left:
('D = ', [-0.17209557748433973, 0.019845104434456348, 0.00027261236865564414, 0.0016244601754901989, 0.0])
('K = ', [346.9886945006349, 0.0, 342.85535647927907, 0.0, 348.4307489217302, 188.1122835603919, 0.0, 0.0, 1.0])
('R = ', [0.9999425796061927, 0.0029751801025626403, 0.010294940207228378, -0.0030202762948984122, 0.999985900674699, 0.004367651876408269, -0.010281800504559827, -0.0043984946479828, 0.9999374669564173])
('P = ', [447.6473712801969, 0.0, 274.16839599609375, 0.0, 0.0, 447.6473712801969, 252.97887706756592, 0.0, 0.0, 0.0, 1.0, 0.0])

Right:
('D = ', [-0.15663493579274437, -0.0040409990254712804, 0.0004213587763997123, 0.0007789422114619799, 0.0])
('K = ', [348.99129838873466, 0.0, 333.3911990483944, 0.0, 349.33097992390356, 190.2016195118505, 0.0, 0.0, 1.0])
('R = ', [0.999910992826379, 0.000784361000948321, 0.013318828881901066, -0.000725973926201859, 0.9999901088594528, -0.00438806849514147, -0.013322138973289746, 0.004378008803071259, 0.9999016719918498])
('P = ', [447.6473712801969, 0.0, 274.16839599609375, -47.97524256627728, 0.0, 447.6473712801969, 252.97887706756592, 0.0, 0.0, 0.0, 1.0, 0.0])
('self.T ', [-0.1071624128794584, -8.406149950671951e-05, -0.0014274048889883432])
('self.R ', [0.9999927457604559, 0.0023075489567089486, -0.003030452817080847, -0.0022809442714145263, 0.9999590866405643, 0.008753418657825964, 0.003050527773166973, -0.008746442864437284, 0.9999570960883893])
# oST version 5.0 parameters


[image]

width
672

height
376

[narrow_stereo/left]

camera matrix
346.988695 0.000000 342.855356
0.000000 348.430749 188.112284
0.000000 0.000000 1.000000

distortion
-0.172096 0.019845 0.000273 0.001624 0.000000

rectification
0.999943 0.002975 0.010295
-0.003020 0.999986 0.004368
-0.010282 -0.004398 0.999937

projection
447.647371 0.000000 274.168396 0.000000
0.000000 447.647371 252.978877 0.000000
0.000000 0.000000 1.000000 0.000000

# oST version 5.0 parameters


[image]

width
672

height
376

[narrow_stereo/right]

camera matrix
348.991298 0.000000 333.391199
0.000000 349.330980 190.201620
0.000000 0.000000 1.000000

distortion
-0.156635 -0.004041 0.000421 0.000779 0.000000

rectification
0.999911 0.000784 0.013319
-0.000726 0.999990 -0.004388
-0.013322 0.004378 0.999902

projection
447.647371 0.000000 274.168396 -47.975243
0.000000 447.647371 252.978877 0.000000
0.000000 0.000000 1.000000 0.000000
