[LEFT_CAM_2K]
fx=1399.19
fy=1399.19
cx=1120.12
cy=605.935
k1=-0.175198
k2=0.0283066

[RIGHT_CAM_2K]
fx=1397.86
fy=1397.86
cx=1088.53
cy=619.88
k1=-0.169327
k2=0.0242271

[LEFT_CAM_FHD]
fx=1399.19
fy=1399.19
cx=976.118
cy=524.935
k1=-0.175198
k2=0.0283066

[RIGHT_CAM_FHD]
fx=1397.86
fy=1397.86
cx=944.533
cy=538.88
k1=-0.169327
k2=0.0242271

[LEFT_CAM_HD]
fx=699.594
fy=699.594
cx=646.559
cy=350.967
k1=-0.175198
k2=0.0283066

[RIGHT_CAM_HD]
fx=698.93
fy=698.93
cx=630.767
cy=357.94
k1=-0.169327
k2=0.0242271

[LEFT_CAM_VGA]
fx=349.797
fy=349.797
cx=338.78
cy=182.984
k1=-0.175198
k2=0.0283066

[RIGHT_CAM_VGA]
fx=349.465
fy=349.465
cx=330.883
cy=186.47
k1=-0.169327
k2=0.0242271

[STEREO]
Baseline=120
CV_2K=0.0151461
CV_FHD=0.0151461
CV_HD=0.0151461
CV_VGA=0.0151461
RX_2K=-0.00494921
RX_FHD=-0.00494921
RX_HD=-0.00494921
RX_VGA=-0.00494921
RZ_2K=-0.00136568
RZ_FHD=-0.00136568
RZ_HD=-0.00136568
RZ_VGA=-0.00136568



